2
169780131 169780331
169781166 169781312
169783665 169783871
169787174 169787371
169788886 169789042
169791693 169791934
169792739 169792942
169801114 169801275
169801366 169801470
169814473 169814637
169820715 169820817
169824936 169824999
169825859 169826060
169826554 169826724
169828356 169828559
169830224 169830349
169833086 169833196
169836375 169836488
169842619 169842793
169847310 169847434
169850220 169850391
169851858 169851991
169853144 169853231
169869781 169870019
169870812 169870863
169873287 169873308
169874559 169874634